12
7 1 0 24 2 0 24 3 0 24 4 0 24 5 0 24 6 0 24 7 0 24
6 1 0 24 2 0 24 3 0 24 4 0 24 5 0 24 6 0 24
5 1 0 24 2 0 24 3 0 24 4 0 24 5 0 24
4 1 0 24 2 0 24 3 0 24 4 0 24
4 1 0 24 2 0 24 3 0 24 4 0 23
1 1 0 24
2 1 10 12 2 3 7
7 1 0 24 2 0 24 3 0 24 4 0 24 5 0 24 6 0 24 7 0 24
7 1 0 24 2 0 24 3 0 24 4 0 24 5 0 24 6 0 24 7 0 24
7 1 0 24 2 0 24 3 0 24 4 0 24 5 0 24 6 0 24 7 0 24
7 1 0 1 2 0 1 3 0 1 4 0 1 5 0 1 6 0 1 7 0 1
7 1 1 2 2 1 2 3 1 2 4 1 2 5 1 2 6 1 2 7 1 2
1 2 1 2
1 3 1 2
1 4 1 2
1 5 1 2
1 6 1 2
1 7 1 2
1 2 2 3
1 2 3 4
0
0
0
0
0
0
0
0
0
0
7 1 0 24 2 0 24 3 0 24 4 0 24 5 0 24 6 0 24 7 0 24
0
0
0
0
0
0
0
0
0
7 1 0 24 2 0 24 3 0 24 4 0 24 5 0 24 6 0 24 7 0 24
7 1 0 24 2 0 24 3 0 24 4 0 24 5 0 24 6 0 24 7 0 24
7 1 0 24 2 0 24 3 0 24 4 0 24 5 0 24 6 0 24 7 0 24
7 1 0 24 2 0 24 3 0 24 4 0 24 5 0 24 6 0 24 7 0 24
7 1 0 24 2 0 24 3 0 24 4 0 24 5 0 24 6 0 24 7 0 24
0
0
0
0
0
7 1 0 24 2 0 24 3 0 24 4 0 24 5 0 24 6 0 24 7 0 24
7 1 0 24 2 0 24 3 0 24 4 0 24 5 0 24 6 0 24 7 0 24
7 1 0 24 2 0 24 3 0 24 4 0 24 5 0 24 6 0 24 7 0 24
7 1 0 24 2 0 24 3 0 24 4 0 24 5 0 24 6 0 24 7 0 24
7 1 0 24 2 0 24 3 0 24 4 0 24 5 0 24 6 0 24 7 0 24
7 1 0 24 2 0 24 3 0 24 4 0 24 5 0 24 6 0 24 7 0 24
7 1 0 24 2 0 24 3 0 24 4 0 24 5 0 24 6 0 24 7 0 24
6 1 0 24 2 0 24 3 0 24 4 0 24 5 0 24 6 0 24
0
0
7 1 0 24 2 0 24 3 0 24 4 0 24 5 0 24 6 0 24 7 0 24
7 1 0 24 2 0 24 3 0 24 4 0 24 5 0 24 6 0 24 7 0 24
7 1 0 24 2 0 24 3 0 24 4 0 24 5 0 24 6 0 24 7 0 24
7 1 0 24 2 0 24 3 0 24 4 0 24 5 0 24 6 0 24 7 0 24
7 1 0 24 2 0 24 3 0 24 4 0 24 5 0 24 6 0 24 7 0 24
7 1 0 24 2 0 24 3 0 24 4 0 24 5 0 24 6 0 24 7 0 24
7 1 0 24 2 0 24 3 0 24 4 0 24 5 0 24 6 0 24 7 0 24
7 1 0 24 2 0 24 3 0 24 4 0 24 5 0 24 6 0 24 7 0 24
0
0
7 1 0 24 2 0 24 3 0 24 4 0 24 5 0 24 6 0 24 7 0 24
7 1 0 24 2 0 24 3 0 24 4 0 24 5 0 24 6 0 24 7 0 24
7 1 0 24 2 0 24 3 0 24 4 0 24 5 0 24 6 0 24 7 0 24
7 1 0 24 2 0 24 3 0 24 4 0 24 5 0 24 6 0 24 7 0 24
7 1 0 24 2 0 24 3 0 24 4 0 24 5 0 24 6 0 24 7 0 24
7 1 0 24 2 0 24 3 0 24 4 0 24 5 0 24 6 0 24 7 0 24
7 1 0 24 2 0 24 3 0 24 4 0 24 5 0 24 6 0 24 7 0 24
7 1 0 24 2 0 24 3 0 24 4 0 24 5 0 24 6 0 24 7 0 24
7 1 0 24 2 0 24 3 0 24 4 0 24 5 0 24 6 0 24 7 0 24
0
6 1 0 24 2 0 24 3 0 24 4 0 24 5 0 24 6 0 24
5 2 0 24 3 0 24 4 0 24 5 0 24 6 0 24
4 3 0 24 4 0 24 5 0 24 6 0 24
4 4 0 24 5 0 24 6 0 24 7 0 24
3 5 0 24 6 0 24 7 0 24
2 6 0 24 7 0 24
1 7 0 24
1 7 0 24
1 7 0 24
0
7 1 0 1 2 0 1 3 0 1 4 0 1 5 0 1 6 0 1 7 0 1
7 1 1 2 2 1 2 3 1 2 4 1 2 5 1 2 6 1 2 7 1 2
7 1 2 4 2 2 4 3 2 4 4 2 4 5 2 4 6 2 4 7 2 4
7 1 3 6 2 3 6 3 3 6 4 3 6 5 3 6 6 3 6 7 3 6
7 1 4 8 2 4 8 3 4 8 4 4 8 5 4 8 6 4 8 7 4 8
7 1 0 24 2 0 24 3 0 24 4 0 24 5 0 24 6 0 24 7 0 24
7 1 0 24 2 0 24 3 0 24 4 0 24 5 0 24 6 0 24 7 0 24
7 1 0 24 2 0 24 3 0 24 4 0 24 5 0 24 6 0 24 7 0 24
7 1 0 24 2 0 24 3 0 24 4 0 24 5 0 24 6 0 24 7 0 24
7 1 0 24 2 0 24 3 0 24 4 0 24 5 0 24 6 0 24 7 0 24
7 1 0 1 2 0 1 3 0 1 4 0 1 5 0 1 6 0 1 7 0 1
7 1 1 2 2 1 2 3 1 2 4 1 2 5 1 2 6 1 2 7 1 2
7 1 2 4 2 2 4 3 2 4 4 2 4 5 2 4 6 2 4 7 2 4
7 1 3 6 2 3 6 3 3 6 4 3 6 5 3 6 6 3 6 7 3 6
7 1 4 8 2 4 8 3 4 8 4 4 8 5 4 8 6 4 8 7 4 8
7 1 4 24 2 4 24 3 4 24 4 4 24 5 4 24 6 4 24 7 4 24
7 1 4 24 2 4 24 3 4 24 4 4 24 5 4 24 6 4 24 7 4 24
7 1 0 24 2 0 24 3 0 24 4 4 24 5 0 24 6 0 24 7 0 24
7 1 0 24 2 0 24 3 0 24 4 0 24 5 0 24 6 0 24 7 0 24
7 1 0 24 2 0 24 3 0 24 4 0 24 5 0 24 6 0 24 7 0 24
1 5 13 17
1 5 13 17
1 5 13 17
1 5 13 17
1 5 13 17
1 5 13 17
1 5 13 17
1 5 13 17
1 5 13 17
1 5 13 17