10 20
11 19
100 1000
2 2
0 2
2 11
2 12
2 13
2 14
-1 2
2 3
0 3
-1 3
27 37
9 50
48 94
35 60
0 2
37 51
6 37
23 48
32 67
18 33
26980 299503
92717 695374
72141 133218
28661 171104
50698 647707
65751 526449
56685 873352
88085 667214
3055 155883
76888 908880
740149 740149
917977 917977
265490 265490
346025 346025
151339 151339
105858 105858
104067 104067
481784 481784
14586 14586
53733 53733
887333 887333
718049 718049
178393 178393
558721 558721
301649 301649
620297 620297
725789 725789
523213 523213
471617 471617
698977 698977
812431 812431
517967 517967
139123 139123
781243 781243
976799 976799
861391 861391
375391 375391
795103 795103
216451 216451
156319 156319
146297 773453
17341 458309
93889 764969
95257 979229
413417 993617
120641 322501
392321 911593
14437 986257
18701 902653
255049 901097
257783 312799
341347 787139
14411 864407
66179 492587
23291 626683
497831 514523
71503 288199
419999 839599
64919 79531
164767 335107
796487 901567
486713 498391
791677 841751
49727 757879
632839 682489
418709 725789
815599 934151
140053 927497
421609 976559
846823 909071
704834 970776
42612 545646
925350 952558
419444 882016
783192 902652
317922 491080
714944 991620
743804 870612
401772 731248
691290 912166
-7617 851584
-8424 912774
-3930 144159
-8053 715530
-586 426011
-6960 505836
-874 618132
-3449 313480
-7503 198923
-8142 303475
-9510 -8348
-5443 -3793
-8324 -7285
-7858 -7078
-8679 -3384
-4129 -3689
-7253 -5466
-7355 -6346
-7689 -259
-7697 -6719
-999999 -999999
-999999 -1
-999999 0
-999999 2
-999999 999961
-999999 999983
-999999 999999
-1 0
-1 2
-1 999961
-1 999983
-1 999999
0 0
0 2
0 999961
0 999983
0 999999
2 2
2 999961
2 999983
2 999999
999961 999961
999961 999983
999961 999999
999983 999983
999983 999999
999999 999999
-999999 999999
-999999 999999
-999999 999999
-999999 999999
-999999 999999
-999999 999999
-999999 999999
-999999 999999
-999999 999999
-999999 999999
-999999 999999
-999999 999999
-999999 999999
-999999 999999
-999999 999999
-999999 999999
-999999 999999
-999999 999999
-999999 999999
-999999 999999
-999999 999999
-999999 999999
-999999 999999
-999999 999999
-999999 999999
-999999 999999
-999999 999999
-999999 999999
-999999 999999
-999999 999999
-999999 999999
-999999 999999
-999999 999999
-999999 999999
-999999 999999
-999999 999999
-999999 999999
-999999 999999
-999999 999999
-999999 999999
-999999 999999
-999999 999999
-999999 999999
-999999 999999
-999999 999999
-999999 999999
-999999 999999
-999999 999999
-999999 999999
-999999 999999
-999999 999999
-999999 999999
-999999 999999
-999999 999999
-999999 999999
-999999 999999
-999999 999999
-999999 999999
-999999 999999
-999999 999999
-999999 999999
-999999 999999
-999999 999999
-999999 999999
-999999 999999
-999999 999999
-999999 999999
-999999 999999
-999999 999999
-999999 999999
-999999 999999
-999999 999999
-999999 999999
-999999 999999
-999999 999999
-999999 999999
-999999 999999
-999999 999999
-999999 999999
-999999 999999
-999999 999999
-999999 999999
-999999 999999
-999999 999999
-999999 999999
-999999 999999
-999999 999999
-999999 999999
-999999 999999
-999999 999999
-999999 999999
-999999 999999
-999999 999999
-999999 999999
-999999 999999
-999999 999999
-999999 999999
-999999 999999
-999999 999999
-999999 999999
-999999 999999
-999999 999999
-999999 999999
-999999 999999
-999999 999999
-999999 999999
-999999 999999
-999999 999999
-999999 999999
-999999 999999
-999999 999999
-999999 999999
-999999 999999
-999999 999999
-999999 999999
-999999 999999
-999999 999999
-999999 999999
-999999 999999
-999999 999999
-999999 999999
-999999 999999
-999999 999999
-999999 999999
-999999 999999
-999999 999999
-999999 999999
-999999 999999
-999999 999999
-999999 999999
-999999 999999
-999999 999999
-999999 999999
-999999 999999
-999999 999999
-999999 999999
-999999 999999
-999999 999999
-999999 999999
-999999 999999
-999999 999999
-999999 999999
-999999 999999
-999999 999999
-999999 999999
-999999 999999
-999999 999999
-999999 999999
-999999 999999
-999999 999999
-999999 999999
-999999 999999
-999999 999999
-999999 999999
-999999 999999
-999999 999999
-999999 999999
-999999 999999
-999999 999999
-999999 999999
-999999 999999
-999999 999999
-999999 999999
-999999 999999
-999999 999999
-999999 999999
-999999 999999
-999999 999999
-999999 999999
-999999 999999
-999999 999999
-999999 999999
-999999 999999
-999999 999999
-999999 999999
-999999 999999
-999999 999999
-999999 999999
-999999 999999
-999999 999999
-999999 999999
-999999 999999
-999999 999999
-999999 999999
-999999 999999
-999999 999999
-999999 999999
-999999 999999
-999999 999999
-999999 999999
-999999 999999
-999999 999999
-999999 999999
-999999 999999
-999999 999999
-999999 999999
-999999 999999
-999999 999999
-999999 999999
-999999 999999
-999999 999999
-999999 999999
-999999 999999
-999999 999999
-999999 999999
-999999 999999
-999999 999999
-999999 999999
-999999 999999
-999999 999999
-999999 999999
-999999 999999
-999999 999999
-999999 999999
-999999 999999
-999999 999999
-999999 999999
-999999 999999
-999999 999999
-999999 999999
-999999 999999
-999999 999999
-999999 999999
-999999 999999
-999999 999999
-999999 999999
-999999 999999
-999999 999999
-999999 999999
-999999 999999
-999999 999999
-999999 999999
-999999 999999
-999999 999999
-999999 999999
-999999 999999
-999999 999999
-999999 999999
-999999 999999
-999999 999999
-999999 999999
-999999 999999
-999999 999999
-999999 999999
-999999 999999
-999999 999999
-999999 999999
-999999 999999
-999999 999999
-999999 999999
-999999 999999
-999999 999999
-999999 999999
-999999 999999
-999999 999999
-999999 999999
-999999 999999
-999999 999999
-999999 999999
-999999 999999
-999999 999999
-999999 999999
-999999 999999
-999999 999999
-999999 999999
-999999 999999
-999999 999999
-999999 999999
-999999 999999
-999999 999999
-999999 999999
-999999 999999
-999999 999999
-999999 999999
-999999 999999
-999999 999999
-999999 999999
-999999 999999
-999999 999999
-999999 999999
-999999 999999
-999999 999999
-999999 999999
-999999 999999
-999999 999999
-999999 999999
-999999 999999
-999999 999999
-999999 999999
-999999 999999
-999999 999999
-999999 999999
-999999 999999
-999999 999999
-999999 999999
-999999 999999
-999999 999999
-999999 999999
-999999 999999
-999999 999999
-999999 999999
-999999 999999
-999999 999999
-999999 999999
-999999 999999
-999999 999999
-999999 999999
-999999 999999
-999999 999999
-999999 999999
-999999 999999
-999999 999999
-999999 999999
-999999 999999
-999999 999999
-999999 999999
-999999 999999
-999999 999999
-999999 999999
-999999 999999
-999999 999999
-999999 999999
-999999 999999
-999999 999999
-999999 999999
-999999 999999
-999999 999999
-999999 999999
-999999 999999
-999999 999999
-999999 999999
-999999 999999
-999999 999999
-999999 999999
-999999 999999
-999999 999999
-999999 999999
-999999 999999
-999999 999999
-999999 999999
-999999 999999
-999999 999999
-999999 999999
-999999 999999
-999999 999999
-999999 999999
-999999 999999
-999999 999999
-999999 999999
-999999 999999
-999999 999999
-999999 999999
-999999 999999
-999999 999999
-999999 999999
-999999 999999
-999999 999999
-999999 999999
-999999 999999
-999999 999999
-999999 999999
-999999 999999
-999999 999999
-999999 999999
-999999 999999
-999999 999999
-999999 999999
-999999 999999
-999999 999999
-999999 999999
-999999 999999
-999999 999999
-999999 999999
-999999 999999
-999999 999999
-999999 999999
-999999 999999
-999999 999999
-999999 999999
-999999 999999
-999999 999999
-999999 999999
-999999 999999
-999999 999999
-999999 999999
-999999 999999
-999999 999999
-999999 999999
-999999 999999
-999999 999999
-999999 999999
-999999 999999
-999999 999999
-999999 999999
-999999 999999
-999999 999999
-999999 999999
-999999 999999
-999999 999999
-999999 999999
-999999 999999
-999999 999999
-999999 999999
-999999 999999
-999999 999999
-999999 999999
-999999 999999
-999999 999999
-999999 999999
-999999 999999
-999999 999999
-999999 999999
-999999 999999
-999999 999999
-999999 999999
-999999 999999
-999999 999999
-999999 999999
-999999 999999
-999999 999999
-999999 999999
-999999 999999
-999999 999999
-999999 999999
-999999 999999
-999999 999999
-999999 999999
-999999 999999
-999999 999999
-999999 999999
-999999 999999
-999999 999999
-999999 999999
-999999 999999
-999999 999999
-999999 999999
-999999 999999
-999999 999999
-999999 999999
-999999 999999
-999999 999999
-999999 999999
-999999 999999
-999999 999999
-999999 999999
-999999 999999
-999999 999999
-999999 999999
-999999 999999
-999999 999999
-999999 999999
-999999 999999
-999999 999999
-999999 999999
-999999 999999
-999999 999999
-999999 999999
-999999 999999
-999999 999999
-999999 999999
-999999 999999
-999999 999999
-999999 999999
-999999 999999
-999999 999999
-999999 999999
-999999 999999
-999999 999999
-999999 999999
-999999 999999
-999999 999999
-999999 999999
-999999 999999
-999999 999999
-999999 999999
-999999 999999
-999999 999999
-999999 999999
-999999 999999
-999999 999999
-999999 999999
-999999 999999
-999999 999999
-999999 999999
-999999 999999
-999999 999999
-999999 999999
-999999 999999
-999999 999999
-999999 999999
-999999 999999
-999999 999999
-999999 999999
-999999 999999
-999999 999999
-999999 999999
-999999 999999
-999999 999999
-999999 999999
-999999 999999
-999999 999999
-999999 999999
-999999 999999
-999999 999999
-999999 999999
-999999 999999
-999999 999999
-999999 999999
-999999 999999
-999999 999999
-999999 999999
-999999 999999
-999999 999999
-999999 999999
-999999 999999
-999999 999999
-999999 999999
-999999 999999
-999999 999999
-999999 999999
-999999 999999
-999999 999999
-999999 999999
-999999 999999
-999999 999999
-999999 999999
-999999 999999
-999999 999999
-999999 999999
-999999 999999
-999999 999999
-999999 999999
-999999 999999
-999999 999999
-999999 999999
-999999 999999
-999999 999999
-999999 999999
-999999 999999
-999999 999999
-999999 999999
-999999 999999
-999999 999999
-999999 999999
-999999 999999
-999999 999999
-999999 999999
-999999 999999
-999999 999999
-999999 999999
-999999 999999
-999999 999999
-999999 999999
-999999 999999
-999999 999999
-999999 999999
-999999 999999
-999999 999999
-999999 999999
-999999 999999
-999999 999999
-999999 999999
-999999 999999
-999999 999999
-999999 999999
-999999 999999
-999999 999999
-999999 999999
-999999 999999
-999999 999999
-999999 999999
-999999 999999
-999999 999999
-999999 999999
-999999 999999
-999999 999999
-999999 999999
-999999 999999
-999999 999999
-999999 999999
-999999 999999
-999999 999999
-999999 999999
-999999 999999
-999999 999999
-999999 999999
-999999 999999
-999999 999999
-999999 999999
-999999 999999
-999999 999999
-999999 999999
-999999 999999
-999999 999999
-999999 999999
-999999 999999
-999999 999999
-999999 999999
-999999 999999
-999999 999999
-999999 999999
-999999 999999
-999999 999999
-999999 999999
-999999 999999
-999999 999999
-999999 999999
-999999 999999
-999999 999999
-999999 999999
-999999 999999
-999999 999999
-999999 999999
-999999 999999
-999999 999999
-999999 999999
-999999 999999
-999999 999999
-999999 999999
-999999 999999
-999999 999999
-999999 999999
-999999 999999
-999999 999999
-999999 999999
-999999 999999
-999999 999999
-999999 999999
-999999 999999
-999999 999999
-999999 999999
-999999 999999
-999999 999999
-999999 999999
-999999 999999
-999999 999999
-999999 999999
-999999 999999
-999999 999999
-999999 999999
-999999 999999
-999999 999999
-999999 999999
-999999 999999
-999999 999999
-999999 999999
-999999 999999
-999999 999999
-999999 999999
-999999 999999
-999999 999999
-999999 999999
-999999 999999
-999999 999999
-999999 999999
-999999 999999
-999999 999999
-999999 999999
-999999 999999
-999999 999999
-999999 999999
-999999 999999
-999999 999999
-999999 999999
-999999 999999
-999999 999999
-999999 999999
-999999 999999
-999999 999999
-999999 999999
-999999 999999
-999999 999999
-999999 999999
-999999 999999
-999999 999999
-999999 999999
-999999 999999
-999999 999999
-999999 999999
-999999 999999
-999999 999999
-999999 999999
-999999 999999
-999999 999999
-999999 999999
-999999 999999
-999999 999999
-999999 999999
-999999 999999
-999999 999999
-999999 999999
-999999 999999
-999999 999999
-999999 999999
-999999 999999
-999999 999999
-999999 999999
-999999 999999
-999999 999999
-999999 999999
-999999 999999
-999999 999999
-999999 999999
-999999 999999
-999999 999999
-999999 999999
-999999 999999
-999999 999999
-999999 999999
-999999 999999
-999999 999999
-999999 999999
-999999 999999
-999999 999999
-999999 999999
-999999 999999
-999999 999999
-999999 999999
-999999 999999
-999999 999999
-999999 999999
-999999 999999
-999999 999999
-999999 999999
-999999 999999
-999999 999999
-999999 999999
-999999 999999
-999999 999999
-999999 999999
-999999 999999
-999999 999999
-999999 999999
-999999 999999
-999999 999999
-999999 999999
-999999 999999
-999999 999999
-999999 999999
-999999 999999
-999999 999999
-999999 999999
-999999 999999
-999999 999999
-999999 999999
-999999 999999
-999999 999999
-999999 999999
-999999 999999
-999999 999999
-999999 999999
-999999 999999
-999999 999999
-999999 999999
-999999 999999
-999999 999999
-999999 999999
-999999 999999
-999999 999999
-999999 999999
-999999 999999
-999999 999999
-999999 999999
-999999 999999
-999999 999999
-999999 999999
-999999 999999
-999999 999999
-999999 999999
-999999 999999
-999999 999999
-999999 999999
-999999 999999
-999999 999999
-999999 999999
-999999 999999
-999999 999999
-999999 999999
-999999 999999
-999999 999999
-999999 999999
-999999 999999
-999999 999999
-999999 999999
-999999 999999
-999999 999999
-999999 999999
-999999 999999
-999999 999999
-999999 999999
-999999 999999
-999999 999999
-999999 999999
-999999 999999
-999999 999999
-999999 999999
-999999 999999
-999999 999999
-999999 999999
-999999 999999
-999999 999999
-999999 999999
-999999 999999
-999999 999999
-999999 999999
-999999 999999
-999999 999999
-999999 999999
-999999 999999
-999999 999999
-999999 999999
-999999 999999
-999999 999999
-999999 999999
-999999 999999
-999999 999999
-999999 999999
-999999 999999
-999999 999999
-999999 999999
-999999 999999
-999999 999999
-999999 999999
-999999 999999
-999999 999999
-999999 999999
-999999 999999
-999999 999999
-999999 999999
-999999 999999
-999999 999999
-999999 999999
-999999 999999
-999999 999999
-999999 999999
-999999 999999
-999999 999999
-999999 999999
-999999 999999
-999999 999999
-999999 999999
-999999 999999
-999999 999999
-999999 999999
-999999 999999
-999999 999999
-999999 999999
-999999 999999
-999999 999999
-999999 999999
-999999 999999
-999999 999999
-999999 999999
-999999 999999
-999999 999999
-999999 999999
-999999 999999
-999999 999999
-999999 999999
-999999 999999
-999999 999999
-999999 999999
-999999 999999
-999999 999999
-999999 999999
-999999 999999
-999999 999999
-999999 999999
-999999 999999
-999999 999999
-999999 999999
-999999 999999
-999999 999999
-999999 999999
-999999 999999
-999999 999999
-999999 999999
-999999 999999
-999999 999999
-999999 999999
-999999 999999
-999999 999999
-999999 999999
-999999 999999
-999999 999999
-999999 999999
-999999 999999
-999999 999999
-999999 999999
-999999 999999
-999999 999999
-999999 999999
-999999 999999
-999999 999999
-999999 999999
-999999 999999
-999999 999999
-999999 999999
-999999 999999
-999999 999999
-999999 999999
-999999 999999
-999999 999999
-999999 999999
-999999 999999
-999999 999999
-999999 999999
-999999 999999
-999999 999999
-999999 999999
-999999 999999
-999999 999999
-999999 999999
-999999 999999
-999999 999999
-999999 999999
-999999 999999
-999999 999999
-999999 999999
-999999 999999
-999999 999999
-999999 999999
-999999 999999
-999999 999999
-999999 999999
-999999 999999
-999999 999999
-999999 999999
-999999 999999
-999999 999999
-999999 999999
-999999 999999
-999999 999999
-999999 999999
-999999 999999
-999999 999999
-999999 999999
-999999 999999
-999999 999999
-999999 999999
-999999 999999
-999999 999999
-999999 999999
-999999 999999
-999999 999999
-999999 999999
-999999 999999
-999999 999999
-999999 999999
-999999 999999
-999999 999999
-999999 999999
-999999 999999
-999999 999999
-999999 999999
-999999 999999
-999999 999999
-999999 999999
-999999 999999
-999999 999999
-999999 999999
-999999 999999
-999999 999999
-999999 999999
-999999 999999
-999999 999999
-999999 999999
-999999 999999
-999999 999999
-999999 999999
-999999 999999
-999999 999999
-999999 999999
-999999 999999
-999999 999999
-999999 999999
-999999 999999
-999999 999999
-999999 999999
-999999 999999
-999999 999999
-999999 999999
-999999 999999
-999999 999999
-999999 999999
-999999 999999
-999999 999999
-999999 999999
-999999 999999
-999999 999999
-999999 999999
-999999 999999
-999999 999999
-999999 999999
-999999 999999
-999999 999999
-999999 999999
-999999 999999
-999999 999999
-999999 999999
-1 -1
