100
2
3
4
5
6
28
496
8128
33550336
8589869056
137438691328
14
12
20
18
186
480
822
894
978
512
884
136
315
110
592
549755813888
274877906944
137438953472
1000000000000
757120983113
112836660200
885084285078
618765704436
237088055962
388045345629
554986460295
575542228645
469674801840
478149387177
425389658298
193903887136
395760590211
439348580625
773521047399
799372843208
714320018079
326618645935
654605606057
940691000835
190668339685
576339636067
954039141360
928187772225
581137092096
306680354842
103870880419
263290757199
670973117943
232765789265
534485762681
683883155683
607477109453
177035516159
525044546870
353737772333
893586520409
502791861748
709049424002
880580988366
555716418641
954657391560
924210994577
232099014695
314851739247
559949570527
276781305869
932136666862
671981505234
675030227602
826609936077
304951837567
147814622249
515727285609
494637098800
949850733997
250690326496
352740089174
738751079148
740547599546
151590540715
315207415189
442931456992
955166187104
533065316282
112704032172
305690108622
920515788058
645027958684
933561544327